$ 1 0.000005 63.79968419005069 20 5 43 5e-11
a 96 16 224 16 8 15 -15 1000000 1.5 1 100000
a 112 448 240 448 8 15 -15 1000000 2.5 3 100000
w 224 16 352 144 0
w 240 448 352 176 0
w 432 160 544 192 0
w 64 0 96 0 0
w 1232 208 1232 368 0
R 80 432 80 384 0 0 40 2.5 0 0 0.5
R 64 0 64 -48 0 0 40 1.5 0 0 0.5
R -192 48 -192 112 0 0 40 1 0 0 0.5
R -192 368 -192 432 0 0 40 3 0 0 0.5
s -144 48 -48 48 0 0 false
s -144 368 -48 368 0 0 false
w -192 48 -144 48 0
w -144 368 -192 368 0
w -48 48 96 32 0
w -48 368 112 464 0
w 112 432 80 432 0
151 352 160 432 160 0 2 5 5
162 1312 288 1312 192 2 default-led 1 0 0 0.01
w 896 176 1040 448 0
g 1152 192 1104 192 0 0
a 752 176 896 176 8 15 -15 1000000 3 4.438770983444841 100000
r 544 192 688 192 0 22000
R 752 160 752 112 0 0 40 3 0 0 0.5
g 688 272 688 320 0 0
c 688 192 688 272 4 0.000047 4.438770983444841 0.001 0
159 1152 192 1312 192 2 20 10000000000 2.5
w 1232 368 1312 288 0
150 96 832 208 832 0 2 5 5
w 48 848 48 912 0
R -144 688 -144 720 0 0 40 0.4 0 0 0.5
R -144 848 -144 880 0 0 40 0.4 0 0 0.5
w -240 976 -80 928 0
w -240 656 -80 768 0
w -80 896 -144 848 0
w -144 688 -80 736 0
w 96 848 48 848 0
w 64 752 96 816 0
a -80 912 48 912 8 15 -15 1000000 0.4 3 100000
a -80 752 64 752 8 15 -15 1000000 0.4 1 100000
w -48 368 -48 560 0
w -48 48 -48 224 0
w -48 224 -272 224 0
w -272 224 -272 656 0
w -272 656 -240 656 0
w -48 560 -368 560 0
w -368 560 -368 976 0
w -368 976 -240 976 0
c 288 832 288 896 4 0.000022000000000000003 4.999999999996449 0.001 0
g 288 896 288 960 0 0
r 208 832 288 832 0 1000
w 288 832 448 608 0
a 448 592 576 592 8 15 -15 1000000 2.5 4.999999999996449 100000
R 448 576 448 512 0 0 40 2.5 0 0 0.5
w 576 592 736 592 0
w 752 192 688 192 0
w 736 592 1040 480 0
w 1200 464 1232 464 0
150 1040 464 1200 464 0 2 5 5
w 1232 464 1232 368 0
o 52 64 0 4099 5 0.00009765625 0 2 52 3
o 4 64 0 4099 5 0.00009765625 1 2 4 3
o 23 64 0 4099 2.5 0.00009765625 2 2 23 3
