$ 1 0.000005 6.450009306485578 20 5 43 5e-11
a 96 16 224 16 8 15 -15 1000000 1.5 1.1 100000
a 112 448 240 448 8 15 -15 1000000 2.5 3 100000
w 224 16 496 96 0
w 240 448 464 304 0
w 464 304 496 128 0
w 576 112 752 208 0
w 64 0 96 0 0
w 1248 32 1248 192 0
R 80 432 80 384 0 0 40 2.5 0 0 0.5
R 64 0 64 -48 0 0 40 1.5 0 0 0.5
R -192 48 -192 112 0 0 40 1.1 0 0 0.5
R -192 368 -192 432 0 0 40 3 0 0 0.5
s -144 48 -48 48 0 0 false
s -144 368 -48 368 0 0 false
w -192 48 -144 48 0
w -144 368 -192 368 0
w -48 48 96 32 0
w -48 368 112 464 0
w 112 432 80 432 0
151 496 112 576 112 0 2 5 5
162 1328 112 1328 16 2 default-led 1 0 0 0.01
w 1072 192 1040 448 0
g 1168 16 1120 16 0 0
a 928 192 1072 192 8 15 -15 1000000 2.5 4.999735670005099 100000
r 752 208 864 208 0 1000
R 928 176 928 128 0 0 40 2.5 0 0 0.5
g 864 288 864 336 0 0
c 864 208 864 288 4 0.000009999999999999999 4.999735670005099 0.001 0
159 1168 16 1328 16 2 20 10000000000 2.5
w 1248 192 1328 112 0
150 96 832 208 832 0 2 5 5
w 48 848 48 912 0
R -144 688 -144 720 0 0 40 0.4 0 0 0.5
R -144 848 -144 880 0 0 40 0.4 0 0 0.5
w -240 976 -80 928 0
w -240 656 -80 768 0
w -80 896 -144 848 0
w -144 688 -80 736 0
w 96 848 48 848 0
w 64 752 96 816 0
a -80 912 48 912 8 15 -15 1000000 0.4 3 100000
a -80 752 64 752 8 15 -15 1000000 0.4 1.1 100000
w -48 368 -48 560 0
w -48 48 -48 224 0
w -48 224 -272 224 0
w -272 224 -272 656 0
w -272 656 -240 656 0
w -48 560 -368 560 0
w -368 560 -368 976 0
w -368 976 -240 976 0
c 288 832 288 896 4 0.000009999999999999999 4.999999999996447 0.001 0
g 288 896 288 960 0 0
r 208 832 288 832 0 1000
w 288 832 464 832 0
a 464 816 592 816 8 15 -15 1000000 2.5 4.999999999996447 100000
R 464 800 464 736 0 0 40 2.5 0 0 0.5
w 592 816 896 816 0
w 928 208 864 208 0
w 896 816 1040 480 0
w 1200 464 1232 464 0
150 1040 464 1200 464 0 2 5 5
w 1232 464 1248 192 0
o 53 64 0 4099 5 0.00009765625 0 2 53 3
o 5 64 0 4099 5 0.00625 1 2 5 3
o 24 64 0 4099 5 0.00625 2 2 24 3
